  0 32
  1 9786
  2 9787
  3 9829
  4 9830
  5 9827
  6 9824
  7 8226
  8 9691
  9 9675
 10 9689
 11 9794
 12 9792
 13 9834
 14 9835
 15 9788
 16 9658
 17 9668
 18 8597
 19 8252
 20 182
 21 167
 22 9644
 23 8616
 24 8593
 25 8595
 26 8594
 27 8592
 28 8735
 29 8596
 30 9650
 31 9660
 32 32
 33 33
 34 34
 35 35
 36 36
 37 37
 38 38
 39 39
 40 40
 41 41
 42 42
 43 43
 44 44
 45 45
 46 46
 47 47
 48 48
 49 49
 50 50
 51 51
 52 52
 53 53
 54 54
 55 55
 56 56
 57 57
 58 58
 59 59
 60 60
 61 61
 62 62
 63 63
 64 64
 65 65
 66 66
 67 67
 68 68
 69 69
 70 70
 71 71
 72 72
 73 73
 74 74
 75 75
 76 76
 77 77
 78 78
 79 79
 80 80
 81 81
 82 82
 83 83
 84 84
 85 85
 86 86
 87 87
 88 88
 89 89
 90 90
 91 91
 92 92
 93 93
 94 94
 95 95
 96 96
 97 97
 98 98
 99 99
100 100
101 101
102 102
103 103
104 104
105 105
106 106
107 107
108 108
109 109
110 110
111 111
112 112
113 113
114 114
115 115
116 116
117 117
118 118
119 119
120 120
121 121
122 122
123 123
124 124
125 125
126 126
127 8962
128 1040
129 1041
130 1042
131 1043
132 1044
133 1045
134 1046
135 1047
136 1048
137 1049
138 1050
139 1051
140 1052
141 1053
142 1054
143 1055
144 1056
145 1057
146 1058
147 1059
148 1060
149 1061
150 1062
151 1063
152 1064
153 1065
154 1066
155 1067
156 1068
157 1069
158 1070
159 1071
160 1072
161 1073
162 1074
163 1075
164 1076
165 1077
166 1078
167 1079
168 1080
169 1081
170 1082
171 1083
172 1084
173 1085
174 1086
175 1087
176 9617
177 9618
178 9619
179 9474
180 9508
181 9569
182 9570
183 9558
184 9557
185 9571
186 9553
187 9559
188 9565
189 9564
190 9563
191 9488
192 9492
193 9524
194 9516
195 9500
196 9472
197 9532
198 9566
199 9567
200 9562
201 9556
202 9577
203 9574
204 9568
205 9552
206 9580
207 9575
208 9576
209 9572
210 9573
211 9561
212 9560
213 9554
214 9555
215 9579
216 9578
217 9496
218 9484
219 9608
220 9604
221 9612
222 9616
223 9600
224 1088
225 1089
226 1090
227 1091
228 1092
229 1093
230 1094
231 1095
232 1096
233 1097
234 1098
235 1099
236 1100
237 1101
238 1102
239 1103
240 1025
241 1105
242 1028
243 1108
244 1031
245 1111
246 1038
247 1118
248 176
249 8729
250 183
251 8730
252 8470
253 164
254 9632
255 32
